115
61
52
73
77
334
64
95
394
45
75
56
39
47
43
97
132
50
350
58
104
688
98
44
109
52
69
64
44
45
66
41
42
207
48
58
480
659
405
71
121
49
43
45
45
86
389
55
67
93
46
42
48
452
101
48
61
41
81
48
41
79
70
47
491
45
42
42
52
48
49
48
64
222
72
61
153
48
69
53
51
45
44
86
56
68
384
53
53
238
48
41
234
383
50
57
47
40
61
472
47
41
47
428
65
45
53
46
64
61
227
853
41
56
59
84
55
94
59
42
194
63
48
91
96
86
57
41
57
44
41
47
74
49
46
68
41
103
60
594
45
53
62
617
144
59
47
61
43
82
69
68
81
80
52
40
53
43
62
48
51
52
49
60
42
96
56
54
42
222
48
814
60
42
62
45
41
58
51
59
50
45
42
216
64
44
124
57
43
54
74
263
72
90
75
87
59
46
45
70
43
41
53
53
46
43
53
95
157
64
51
67
278
49
283
47
45
51
59
65
150
220
42
84
39
77
43
57
57
2062
53
87
42
61
59
55
55
45
51
47
77
499
54
52
243
