2062
2062
2062
2065
2063
2062
2062
2062
2065
2063
2063
2062
2064
2063
2062
2062
2062
2063
2064
2062
2062
2063
2062
2062
2062
2062
2062
2062
2062
2062
2062
2062
2062
2062
2065
2062
2062
2072
2062
2062
2062
2062
2062
2063
2064
2062
2067
2063
2062
2062
2062
2062
2062
2067
2062
2062
2062
2062
2062
2062
2062
2062
2062
2062
2065
2062
2062
2062
2062
2062
2064
2063
2063
2062
2062
2062
2062
2062
2062
2062
2063
2062
2062
2062
2062
2062
2062
2062
2062
2062
2062
2062
2062
2063
2062
2062
2063
2063
2062
2062
2062
2062
2062
2066
2062
2062
2062
2063
2064
2062
2062
2062
2062
2062
2062
2062
2063
2062
2062
2062
2062
2062
2062
2062
2064
2063
2062
2062
2063
2062
2062
2062
2065
2062
2062
2063
2062
2062
2062
2081
2062
2068
2064
2065
2064
2062
2062
2062
2062
2062
2063
2064
2062
2062
2062
2063
2062
2062
2062
2062
2062
2062
2062
2062
2062
2062
2062
2063
2062
2062
2063
2066
2062
2062
2063
2063
2062
2062
2062
2062
2062
2064
2063
2063
2064
2062
2065
2062
2062
2062
2062
2063
2062
2063
2063
2065
2062
2062
2063
2063
2062
2062
2062
2062
2062
2062
2062
2062
2062
2065
2062
2063
2062
2064
2066
2062
2062
2062
2062
2063
2062
2064
2064
2062
2065
2064
2063
2062
2063
2062
2062
2064
2062
2062
2064
2062
2063
2062
2062
2062
2062
2062
2063
2063
2062
